sc                 lognormal_distfit    lognormal_distfit.rf2    lognormal_distfit.rf
---------------  -------------------  -----------------------  ----------------------
clasp_factoring               -0.351                   -0.314                  -0.314
                              -0.351                   -0.150                  -0.151
lpg-zeno                      -0.903                   -0.895                  -0.895
                              -0.903                   -0.851                  -0.846
saps-CVVAR                    -0.884                    0.700                  -0.652
                              -0.884                    0.980                  -0.317
spear_qcp                     -1.201                   -1.095                  -1.134
                              -1.201                   -1.003                  -0.973
spear_swgcp                   -0.929                    1.595                  -0.183
                              -0.929                    0.558                  -0.008
yalsat_qcp                    -0.781                   -0.499                  -0.773
                              -0.781                   -0.490                  -0.743
yalsat_swgcp                  -0.936                   -0.820                  -0.892
                              -0.936                   -0.703                  -0.729